1.webp,1, ,0
2.webp,2, ,0
3.webp,3, ,0
4.webp,4, ,0
5.webp,5, ,0
6.webp,6, 102,1
7.webp,7, 103,1
8.webp,8, ,0
9.webp,9, ,0
10.webp,10, 104;105,2
11.webp,11, 106,1
12.webp,12, 107,1
13.webp,13, 109;108;110,3
14.webp,14, 111;112,2
15.webp,15, ,0
16.webp,16, ,0
17.webp,17, 113,1
18.webp,18, 114;114;115,3
19.webp,19, ,0
20.webp,20, 116;117;117,3
21.webp,21, 118,1
22.webp,22, 119,1
23.webp,23, 120;120,2
24.webp,24, ,0
25.webp,25, 121;122,2
26.webp,26, 123;124,2
27.webp,27, 125,1
28.webp,28, 126,1
29.webp,29, ,0
30.webp,30, 127;128,2
31.webp,31, ,0
32.webp,32, 129,1
33.webp,33, 130,1
34.webp,34, 131;132;133,3
35.webp,35, ,0
36.webp,36, 134,1
37.webp,37, 135;136,2
38.webp,38, 137,1
39.webp,39, ,0
40.webp,40, 138,1
41.webp,41, ,0
42.webp,42, 139;140,2
43.webp,43, ,0
44.webp,44, 141;141,2
45.webp,45, 142,1
46.webp,46, ,0
47.webp,47, 202;202,2
48.webp,48, 203,1
49.webp,49, 204;205;206,3
50.webp,50, ,0
51.webp,51, 207,1
52.webp,52, 208,1
53.webp,53, ,0
54.webp,54, 209;209;210,3
55.webp,55, ,0
56.webp,56, 211;211,2
57.webp,57, 212,1
58.webp,58, 213,1
59.webp,59, 214;214,2
60.webp,60, 215,1
61.webp,61, 216;217;218,3
62.webp,62, ,0
63.webp,63, 219,1
64.webp,64, ,0
65.webp,65, ,0
66.webp,66, 221;221,2
67.webp,67, ,0
68.webp,68, 222;222;223,3
69.webp,69, 224,1
70.webp,70, 225;226,2
71.webp,71, 227;228,2
72.webp,72, 229,1
73.webp,73, 230;231,2
74.webp,74, ,0
75.webp,75, ,0
76.webp,76, 232,1
77.webp,77, 232,1
78.webp,78, 233;233;233,3
79.webp,79, ,0
80.webp,80, 235,1
81.webp,81, 236,1
82.webp,82, ,0
83.webp,83, 302;303;303,3
84.webp,84, 304,1
85.webp,85, 305;306;307,3
86.webp,86, ,0
87.webp,87, 308,1
88.webp,88, ,0
89.webp,89, ,0
90.webp,90, 310;311,2
91.webp,91, ,0
92.webp,92, 312;312,2
93.webp,93, 313,1
94.webp,94, 314,1
95.webp,95, 315,1
96.webp,96, ,0
97.webp,97, 316;317,2
98.webp,98, ,0
99.webp,99, ,0
100.webp,100, ,0
101.webp,101, ,0
102.webp,102, 318;319;320,3
103.webp,103, ,0
104.webp,104, 321;322,2
105.webp,105, 323,1
106.webp,106, ,0
107.webp,107, ,0
108.webp,108, ,0
109.webp,109, ,0
110.webp,110, ,0
111.webp,111, ,0
112.webp,112, ,0
113.webp,113, ,0
114.webp,114, ,0
115.webp,115, ,0
116.webp,116, ,0
117.webp,117, ,0
118.webp,118, ,0
119.webp,119, ,0
120.webp,120, ,0
121.webp,121, ,0
122.webp,122, ,0
123.webp,123, ,0
124.webp,124, ,0
125.webp,125, ,0
126.webp,126, ,0
127.webp,127, ,0
128.webp,128, ,0
129.webp,129, ,0
130.webp,130, ,0
131.webp,131, ,0
132.webp,132, ,0
133.webp,133, ,0
134.webp,134, ,0
135.webp,135, ,0
136.webp,136, ,0
137.webp,137, ,0
138.webp,138, ,0
139.webp,139, ,0
140.webp,140, ,0
141.webp,141, ,0
142.webp,142, ,0
143.webp,143, ,0
144.webp,144, ,0
145.webp,145, ,0